td_0_string=VIP
td_0_data=74.000000 429.000000 2 1 0 2 0.525000 0.850000 -2686721 255 50 1 400.000000 17.000000 0 2 1 0 1 1 -10.000000 0.000000 -20.000000 1.000000 255 255 50 
td_0_bar_data=100.000000 0 
