td_0_string=Preview_Model
td_0_data=506.000000 414.000000 5 1 0 0 0.600000 2.000000 -1 2094792959 236 0 24.500000 24.500000 0 1 1 2703 1 1 -10.000000 0.000000 -20.000000 1.000000 255 255 236 
td_0_bar_data=100.000000 0 
